0.009 31.684266 0.244835
0.0163 35.926231 0.119022
0.0327 35.435843 0.11618
0.0329 34.630745 0.155856
0.0344 35.675532 0.113401
0.0364 38.058736 0.106671
0.0371 35.077846 0.133971
0.0469 34.888812 0.160337
0.047 37.664609 0.105939
0.0573 37.642038 0.09433
0.0708 38.370707 0.104561
0.0858 37.040046 0.100335
0.0866 37.955128 0.095671
0.131 37.359 0.160896
0.1545 40.070363 0.069427
0.1628 38.964898 0.118176
0.165 40.059881 0.117317
0.165 36.036743 0.2108
0.1671 39.511776 0.086647
0.176 39.825621 0.073653
0.1785 40.971597 0.242669
0.1864 37.425223 0.173706
0.1948 40.240664 0.119784
0.2032 39.515197 0.123917
0.2057 39.287397 0.089299
0.209 41.050231 0.091641
0.2147 43.527147 0.221072
0.2207 39.232151 0.095174
0.2262 40.901222 0.120536
0.2291 39.025956 0.159825
0.23 39.12491 0.182299
0.2313 42.884075 0.249935
0.2359 39.681293 0.092766
0.238 41.731645 0.207391
0.2427 43.196109 0.132059
0.2435 41.509058 0.197853
0.2436 40.268198 0.184945
0.2452 44.42899 0.343878
0.2489 41.484658 0.155529
0.2525 40.051363 0.160663
0.259 40.453474 0.174014
0.2623 42.422442 0.099291
0.263 40.526186 0.162738
0.2631 39.867915 0.199734
0.2646 38.410996 0.095056
0.265 42.405721 0.196215
0.2673 42.233556 0.071918
0.2693 40.757086 0.259449
0.2717 41.879784 0.171681
0.282 41.906573 0.22166
0.2823 42.396143 0.286603
0.2843 40.906016 0.155264
0.2864 38.528831 0.133292
0.2916 40.587393 0.166216
0.2916 41.932728 0.219352
0.295 41.621222 0.270257
0.3001 42.38367 0.192451
0.3018 41.134112 0.199225
0.3058 41.146321 0.093371
0.3063 45.208004 0.132701
0.309 39.097384 0.116531
0.3114 44.662136 0.324303
0.3137 41.931587 0.131165
0.3156 40.305503 0.125056
0.3158 39.751359 0.137227
0.3162 41.151983 0.122551
0.3209 40.089407 0.268289
0.3216 39.347016 0.114419
0.3239 41.81045 0.139864
0.3258 42.146381 0.084594
0.3287 42.031754 0.069744
0.3332 42.105597 0.26822
0.3342 40.770419 0.142095
0.3344 43.11921 0.099915
0.3375 44.225518 0.086285
0.345 41.004459 0.178243
0.3477 42.078115 0.19656
0.351 43.554005 0.173522
0.3525 41.712049 0.496899
0.3539 42.19617 0.164664
0.358 41.013626 0.125366
0.36 43.839829 0.444148
0.3603 43.176816 0.114403
0.3656 42.599682 0.372942
0.3684 39.759185 0.165936
0.3684 40.181436 0.238309
0.3709 39.563873 0.1505
0.3722 40.440092 0.160126
0.3726 40.984811 0.119549
0.3743 39.02127 0.154901
0.3749 43.223759 0.155035
0.3762 44.130102 0.140942
0.3767 41.872285 0.124044
0.377 40.784877 0.101848
0.3814 41.479768 0.200481
0.3814 42.281721 0.269962
0.382 39.184906 0.128445
0.382 45.449308 0.528866
0.3853 44.091018 0.100373
0.3859 43.81481 0.119365
0.3879 41.511695 0.197614
0.392 43.568474 0.128505
0.3934 41.119676 0.153102
0.395 41.197997 0.287898
0.397 42.970315 0.108878
0.3978 41.968412 0.245411
0.3993 42.684805 0.106501
0.401 40.913643 0.207188
0.4011 41.442377 0.219959
0.4064 41.741463 0.170994
0.4092 40.816133 0.15309
0.411 42.1508 0.147487
0.413 42.771041 0.410231
0.416 43.282758 0.164283
0.4176 44.545351 0.650454
0.423 43.213034 0.382264
0.4232 43.740346 0.395594
0.4234 40.01078 0.240203
0.424 43.533039 0.182958
0.425 42.164897 0.283515
0.427 41.252386 0.146975
0.429 41.872374 0.256645
0.429 44.524585 0.582021
0.43 43.094225 0.164552
0.4311 40.890983 0.173622
0.436 42.312906 0.209972
0.4366 40.69175 0.139395
0.4369 41.608897 0.207935
0.4383 38.817022 0.183698
0.4385 41.007529 0.186199
0.4402 44.60987 0.249564
0.4412 40.956735 0.125309
0.4427 44.561981 0.373487
0.4438 39.791928 0.163493
0.4446 43.798081 0.20918
0.445 41.98833 0.248061
0.447 41.728491 0.166066
0.4481 41.754577 0.202586
0.4493 42.813505 0.189777
0.451 42.19448 0.150157
0.4514 42.1693 0.204577
0.4518 41.985682 0.157182
0.4531 41.886134 0.23787
0.4539 41.255252 0.212137
0.4558 41.241227 0.216121
0.458 41.224765 0.167624
0.4633 47.500688 0.660151
0.464 40.55327 0.139343
0.4661 42.680608 0.156925
0.4662 42.480989 0.376794
0.4663 43.7001 0.264123
0.4679 42.294684 0.130728
0.4683 44.648017 0.620444
0.4688 40.438027 0.127825
0.471 42.049121 0.172785
0.4716 44.781909 0.418269
0.472 41.451033 0.179415
0.472 42.967723 0.175463
0.473 41.782114 0.232846
0.4764 43.619338 0.099263
0.4765 41.619138 0.278622
0.4772 43.647612 0.136171
0.478 44.855682 0.305246
0.481 43.011324 0.154971
0.481 43.38931 0.131134
0.485 40.958459 0.122277
0.4855 43.161298 0.132723
0.489 41.840416 0.1509
0.49 40.016637 0.160606
0.4916 42.723304 0.196224
0.492 43.238074 0.234978
0.4921 42.650199 0.105082
0.4931 41.33141 0.135734
0.4983 42.048851 0.135886
0.4986 42.396744 0.103266
0.4987 43.336013 0.320974
0.4997 41.306193 0.139943
0.501 48.219198 0.425087
0.5035 42.106373 0.291227
0.5048 42.244714 0.225727
0.5052 43.790085 0.261484
0.5081 41.21309 0.148129
0.5086 41.80643 0.395028
0.5123 43.352847 0.24435
0.5124 45.013074 0.361392
0.515 40.761954 0.246458
0.5175 43.651422 0.174557
0.5177 40.448844 0.129631
0.5184 44.073736 0.163864
0.5186 41.427493 0.199157
0.519 42.615906 0.203308
0.5208 45.765644 0.534673
0.5211 44.732124 0.2662
0.5214 43.774489 0.208935
0.522 44.382236 0.138683
0.5222 42.719983 0.269671
0.5241 43.90473 0.349242
0.5258 41.470515 0.104005
0.5267 46.231507 0.334698
0.527 43.022723 0.158408
0.528 42.108393 0.2298
0.5284 42.258663 0.217304
0.5285 44.364826 0.289403
0.5287 41.03641 0.158764
0.529 41.481738 0.214693
0.534 43.300236 0.285503
0.5372 44.216056 0.267033
0.5373 41.732339 0.197007
0.5374 43.010015 0.400005
0.5385 44.109788 0.164502
0.5387 42.705934 0.162208
0.539 45.46276 0.43147
0.5394 40.874245 0.195587
0.5403 43.682999 0.154919
0.541 41.647673 0.235916
0.541 42.635972 0.238232
0.5423 41.585872 0.221372
0.544 42.983848 0.228721
0.5448 45.719951 0.594844
0.5466 37.760016 0.209595
0.548 41.482771 0.206521
0.548 41.209724 0.259515
0.548 44.050994 0.308729
0.551 41.964303 0.134542
0.551 44.123092 0.257524
0.5538 42.839375 0.168743
0.554 42.548493 0.276889
0.554 43.614548 0.282161
0.5563 44.607258 0.241699
0.5568 42.057978 0.148004
0.5579 41.592517 0.126329
0.558 45.387062 0.539817
0.5585 39.623084 0.14247
0.559 45.313917 0.381693
0.56 43.73528 0.191359
0.5621 43.127176 0.137892
0.5623 40.623443 0.119197
0.5633 44.296561 0.118031
0.5663 42.418074 0.279406
0.567 43.651244 0.293492
0.567 43.211561 0.189605
0.567 42.540814 0.18945
0.5695 43.38792 0.232583
0.5702 41.801343 0.159772
0.5713 43.192104 0.288684
0.5719 42.85953 0.157022
0.572 42.268838 0.1922
0.5728 41.086699 0.157427
0.5745 43.737267 0.355085
0.5749 47.238424 0.200506
0.5762 41.195031 0.110707
0.5772 40.969277 0.122202
0.5776 41.078648 0.201437
0.578 42.021481 0.164658
0.578 41.073004 0.180068
0.5781 43.346858 0.145084
0.5789 43.596459 0.262948
0.5796 45.756712 0.531628
0.5798 46.039164 0.420717
0.58 43.2139 0.296739
0.5802 41.775083 0.15393
0.5816 42.006198 0.269538
0.582 44.828032 0.623039
0.5827 42.653184 0.185883
0.5829 43.335499 0.151845
0.5829 44.182321 0.293802
0.585 42.955738 0.383151
0.586 40.742521 0.255004
0.5864 41.700427 0.092472
0.5866 44.195435 0.10802
0.5876 43.378511 0.404088
0.592 44.310223 0.143593
0.593 42.275911 0.187713
0.593 43.610066 0.308554
0.5932 44.560567 0.202599
0.5949 43.757976 0.154909
0.5994 42.588283 0.221457
0.5999 44.740526 0.31944
0.6 43.03615 0.326147
0.6001 42.06593 0.204762
0.601 43.250696 0.177021
0.602 42.565946 0.190852
0.602 43.751189 0.263229
0.6041 43.297922 0.153751
0.6053 43.625011 0.358304
0.606 43.457234 0.280102
0.6065 45.118549 0.433245
0.6075 43.023624 0.122077
0.609 41.106422 0.15084
0.6093 42.928853 0.141592
0.6128 45.013609 0.197824
0.613 40.381327 0.140118
0.6153 40.577192 0.082194
0.6157 42.974177 0.113445
0.616 38.524938 0.271168
0.6168 44.027916 0.206975
0.62 43.808781 0.179042
0.621 42.367164 0.158906
0.6229 42.606924 0.111199
0.623 42.189149 0.209869
0.6238 45.484245 0.24273
0.6244 40.737366 0.222686
0.625 42.966573 0.153761
0.6262 43.340071 0.181131
0.6271 41.415625 0.162272
0.6277 42.117013 0.157243
0.6279 41.359119 0.312104
0.628 45.75174 0.4224
0.628 43.205616 0.298966
0.629 42.349016 0.146942
0.6291 42.44398 0.152771
0.6294 43.537721 0.116928
0.6294 41.878574 0.308925
0.631 43.532999 0.298302
0.6313 44.505701 0.176896
0.633 42.042924 0.173968
0.6338 45.674258 0.146353
0.634 41.418404 0.250613
0.6377 44.005102 0.222499
0.6387 42.02101 0.115017
0.6393 42.045913 0.13237
0.6404 43.094428 0.180655
0.6411 44.093367 0.185074
0.642 42.140493 0.194321
0.6427 42.851791 0.276951
0.644 43.939544 0.184842
0.6451 43.700416 0.206675
0.6457 42.502719 0.23315
0.6457 40.471312 0.084907
0.646 43.493278 0.381416
0.6473 44.65975 0.260651
0.6485 42.370322 0.200543
0.649 45.206227 0.147999
0.6492 42.304726 0.169413
0.6495 43.524849 0.212655
0.6496 40.37531 0.15912
0.6498 42.889523 0.245649
0.65 42.461622 0.175883
0.6515 44.145717 0.313252
0.652 44.147782 0.415946
0.653 44.717712 0.223669
0.6533 41.943511 0.205852
0.6542 43.345017 0.16688
0.6554 42.491701 0.126924
0.6559 42.468352 0.109328
0.656 43.448527 0.208076
0.656 41.556366 0.168974
0.657 44.002751 0.217683
0.6576 43.603937 0.186709
0.659 43.377865 0.296769
0.659 44.182768 0.459557
0.6599 42.122455 0.139707
0.6604 42.2865 0.092046
0.6607 43.741049 0.144896
0.663 42.619991 0.186256
0.6633 41.573744 0.170385
0.6635 44.544974 0.263574
0.6641 43.482006 0.184332
0.665 43.310246 0.214203
0.6682 40.773269 0.147157
0.6687 43.729657 0.190732
0.669 47.05052 0.312791
0.6696 40.626097 0.183315
0.67 41.76034 0.142767
0.67 43.442384 0.222525
0.6713 44.168347 0.221795
0.6736 43.385258 0.173221
0.6749 48.875363 0.947534
0.676 44.066698 0.21825
0.6761 39.55869 0.129813
0.678 41.408543 0.204371
0.68 42.995525 0.340791
0.6819 43.02367 0.232743
0.683 40.061412 0.187172
0.683 41.781093 0.34629
0.6834 44.359685 0.113524
0.687 43.663449 0.246905
0.687 44.269624 0.47489
0.688 43.607475 0.198875
0.688 43.542969 0.196245
0.6881 43.358439 0.265829
0.6883 44.080639 0.416463
0.6888 42.926604 0.093871
0.691 43.794605 0.174984
0.692 45.607184 0.305009
0.6923 39.723397 0.203134
0.6931 42.444429 0.200614
0.695 43.647652 0.267651
0.6951 44.09878 0.258524
0.6952 43.811544 0.113579
0.6952 45.518534 0.351287
0.696 43.492883 0.125324
0.696 45.622625 0.275939
0.697 42.993058 0.135148
0.6971 42.218051 0.117479
0.6984 43.036855 0.199644
0.699 43.611614 0.164536
0.6999 37.683859 0.169142
0.703 41.768003 0.078221
0.7031 44.475654 0.383426
0.7033 42.342158 0.17182
0.7035 42.132764 0.206309
0.7044 43.605852 0.145588
0.705 42.111952 0.312909
0.706 41.408209 0.154318
0.7061 41.382878 0.187405
0.707 45.200436 0.271244
0.707 43.636134 0.238314
0.707 40.652979 0.130306
0.7073 44.126327 0.111963
0.7079 43.02367 0.193555
0.708 42.908416 0.182347
0.7088 42.019566 0.172629
0.711 42.903358 0.228101
0.712 42.023337 0.163555
0.713 39.708308 0.197959
0.714 43.300389 0.189815
0.7144 41.426538 0.087808
0.7147 42.768035 0.251169
0.715 41.383625 0.191477
0.715 43.321331 0.177592
0.7163 43.779246 0.145545
0.717 44.26359 0.180982
0.717 41.441433 0.156608
0.7183 43.507392 0.121723
0.7185 43.249926 0.22167
0.72 45.974004 0.206207
0.72 44.072959 0.116007
0.72 45.37324 0.266527
0.7202 44.6499 0.135116
0.7207 42.45472 0.211993
0.7208 44.442555 0.300453
0.7218 42.400159 0.170959
0.722 44.740525 0.2602
0.7228 44.524456 0.292863
0.7231 43.676733 0.145211
0.7259 45.294531 0.141464
0.726 39.555926 0.234191
0.727 42.911444 0.193674
0.727 43.855299 0.278307
0.729 41.530733 0.240341
0.729 44.425402 0.516963
0.729 41.873089 0.096569
0.73 41.613042 0.152839
0.732 39.489433 0.161084
0.7336 43.838323 0.129523
0.735 43.061505 0.192516
0.7376 46.786157 0.16434
0.738 49.199226 0.487952
0.738 41.664892 0.186358
0.739 42.614361 0.174986
0.739 45.485831 0.255243
0.7399 45.058093 0.215464
0.741 42.45328 0.146952
0.7422 44.07895 0.255601
0.7449 42.013488 0.1599
0.7451 44.036775 0.176135
0.746 41.941204 0.240071
0.746 43.750944 0.170385
0.748 45.033831 0.20435
0.751 43.616016 0.248547
0.7516 43.721943 0.154217
0.752 42.716089 0.224356
0.7531 42.862411 0.305709
0.754 43.268775 0.346085
0.7545 42.592088 0.237876
0.755 45.313861 0.18321
0.755 44.455976 0.287852
0.7552 41.208255 0.132479
0.7566 42.474743 0.306052
0.7569 43.004557 0.17513
0.757 40.496613 0.147266
0.7572 42.696892 0.181137
0.7575 42.434835 0.1702
0.76 40.754056 0.159973
0.76 45.277494 0.298484
0.7605 46.180237 0.348053
0.7605 40.394814 0.12286
0.7607 44.509405 0.443365
0.761 43.042303 0.357401
0.762 44.171525 0.182709
0.7632 43.282149 0.239712
0.7637 46.751687 0.248953
0.764 41.836707 0.210924
0.7647 42.900955 0.170683
0.765 43.844082 0.295881
0.765 42.455097 0.369634
0.7652 40.587369 0.219087
0.7654 45.381345 0.207329
0.766 44.563048 0.219117
0.766 43.610725 0.159406
0.7661 45.578989 0.1838
0.7661 44.043193 0.169145
0.7668 43.83387 0.374482
0.767 44.576565 0.124494
0.7687 43.622943 0.297684
0.769 46.231524 0.408998
0.769 43.713111 0.151612
0.77 42.68182 0.172286
0.7704 45.651848 0.265437
0.7707 44.523192 0.152876
0.7717 42.803773 0.29953
0.772 43.240884 0.181844
0.7721 43.814656 0.160813
0.7724 44.625593 0.263428
0.773 43.929385 0.273078
0.773 41.712732 0.189145
0.7738 43.295624 0.079472
0.7739 46.573294 0.214051
0.776 44.675018 0.151268
0.776 46.71357 0.9126
0.7763 43.149408 0.142018
0.7764 43.295118 0.177498
0.777 41.874589 0.156631
0.779 43.756043 0.497392
0.7792 41.396098 0.097052
0.78 40.63017 0.178239
0.78 43.227323 0.28949
0.781 41.786608 0.280317
0.7811 45.399162 0.238975
0.7821 43.068197 0.10286
0.783 43.472933 0.194916
0.7836 45.850899 0.240006
0.784 42.681891 0.20855
0.7843 46.853807 0.187935
0.785 42.961445 0.189041
0.786 44.438167 0.181395
0.7861 43.158941 0.338819
0.789 46.979857 0.301566
0.789 41.553741 0.188382
0.7893 45.503183 0.366995
0.791 43.278884 0.163911
0.7919 45.467039 0.150942
0.7925 43.979336 0.155989
0.7926 45.143444 0.315059
0.793 42.73342 0.272139
0.7942 42.77693 0.140547
0.795 43.715551 0.195626
0.7955 42.953754 0.134407
0.7964 43.128437 0.179599
0.7965 45.981443 0.574279
0.7973 42.75836 0.157054
0.798 43.406026 0.151486
0.8011 42.964418 0.401695
0.8014 43.486598 0.240285
0.802 45.144379 0.299353
0.8021 45.839609 0.148831
0.8025 45.596732 0.50324
0.8028 42.312401 0.171776
0.8034 43.026969 0.119141
0.8035 48.879211 0.297471
0.805 42.157413 0.253381
0.805 43.706567 0.191203
0.8064 43.873499 0.192527
0.8071 46.220597 0.296083
0.808 47.155607 0.309246
0.8081 42.967404 0.151025
0.8081 42.543611 0.167277
0.8087 41.776947 0.087256
0.811 42.703232 0.227145
0.8111 43.352365 0.264035
0.8115 43.615269 0.150381
0.8116 43.443458 0.228305
0.8116 42.832038 0.168811
0.812 43.733985 0.180632
0.8136 44.912117 0.184849
0.814 43.90268 0.341778
0.8147 43.982885 0.217294
0.815 43.354986 0.28722
0.8153 43.100683 0.098192
0.8165 41.54307 0.316374
0.8166 43.643948 0.315658
0.8174 42.804096 0.1062
0.8174 43.67105 0.232846
0.8185 44.809376 0.285582
0.82 41.056857 0.246398
0.821 41.233204 0.115343
0.8224 40.422258 0.18991
0.8245 43.789733 0.1906
0.8247 45.027654 0.153275
0.825 43.695326 0.137754
0.8269 42.911416 0.202878
0.83 40.067761 0.272078
0.8308 42.229472 0.143504
0.8309 47.706795 0.323644
0.8309 44.346444 0.1974
0.8315 44.621348 0.216414
0.836 41.526475 0.216965
0.8362 44.571359 0.374687
0.8367 44.128415 0.192693
0.837 44.703631 0.268043
0.837 45.631476 0.321352
0.8381 44.762518 0.455822
0.839 44.138471 0.372225
0.8392 42.892388 0.119466
0.84 43.245622 0.107923
0.84 45.032798 0.394022
0.8404 44.121419 0.177626
0.841 45.305062 0.288317
0.841 41.393797 0.2137
0.842 45.068987 0.245533
0.842 41.94009 0.21792
0.843 44.180888 0.337143
0.8434 44.370727 0.161871
0.8436 45.292741 0.17695
0.844 43.421332 0.474249
0.844 46.65895 0.327675
0.8448 44.3416 0.248418
0.845 41.922663 0.188444
0.846 42.12894 0.285924
0.8468 48.338721 0.241428
0.8468 43.783281 0.171526
0.8468 46.029436 0.448458
0.847 43.429232 0.200476
0.8478 44.745315 0.267451
0.8479 43.579357 0.200819
0.8491 44.397375 0.175439
0.8507 43.783487 0.122658
0.8532 43.143321 0.194881
0.8538 42.644552 0.095867
0.8538 42.619289 0.18851
0.8557 42.277733 0.208264
0.8561 44.165707 0.322948
0.8569 44.477366 0.192651
0.857 42.675481 0.359403
0.859 42.812163 0.238048
0.8595 44.047992 0.154421
0.8602 43.564973 0.442707
0.8607 44.719032 0.203522
0.8608 44.773645 0.483606
0.861 42.959938 0.22149
0.8623 43.158013 0.195727
0.8624 44.153016 0.159938
0.8628 45.609601 0.2348
0.8637 42.642461 0.193875
0.864 40.861022 0.195206
0.865 42.923221 0.217523
0.8658 45.233049 0.301801
0.8666 46.421429 0.246107
0.8681 41.592559 0.292566
0.8719 43.814407 0.175417
0.8724 46.109634 0.276925
0.873 44.656149 0.555212
0.8731 42.386502 0.119207
0.8742 43.084424 0.174316
0.875 42.53746 0.218682
0.8755 43.577803 0.264413
0.876 42.749991 0.156955
0.8762 43.669347 0.192771
0.8763 45.100979 0.134515
0.8773 42.866574 0.11339
0.8782 43.423828 0.374071
0.879 45.216256 0.228679
0.8811 45.117234 0.220954
0.8823 44.266659 0.136518
0.8826 43.052181 0.143751
0.883 43.472982 0.30236
0.8835 42.740365 0.128864
0.8835 44.106271 0.126518
0.884 42.945348 0.181568
0.884 43.54346 0.214335
0.8842 45.808975 0.401268
0.8854 43.821774 0.277205
0.886 44.429431 0.286998
0.8864 44.294556 0.498323
0.887 43.952091 0.181735
0.8874 43.432758 0.16272
0.8886 42.531945 0.172534
0.8895 46.13326 0.3208
0.89 44.471423 0.273201
0.8908 43.566473 0.083942
0.8909 43.751886 0.139768
0.8919 41.076686 0.134452
0.892 44.216961 0.254683
0.893 43.28975 0.506928
0.896 44.145219 0.147557
0.897 42.880672 0.142372
0.897 39.199142 0.276807
0.9 47.237281 0.286945
0.9 45.605553 0.416299
0.9002 45.296762 0.147791
0.9003 42.855737 0.2908
0.9006 44.965146 0.260756
0.9019 41.826789 0.174807
0.902 42.314367 0.144963
0.902 41.852197 0.247818
0.9036 42.788539 0.157855
0.904 44.522365 0.206303
0.9053 43.651725 0.193448
0.906 42.640485 0.18292
0.9066 45.997723 0.211944
0.907 44.082187 0.455282
0.907 43.956369 0.13282
0.9095 44.755384 0.540191
0.9095 43.506167 0.171402
0.9103 43.657408 0.177702
0.9103 42.039596 0.144993
0.911 43.267584 0.19867
0.9113 42.872773 0.224533
0.9114 46.185096 0.22179
0.9119 44.096963 0.14085
0.913 44.287062 0.281556
0.9136 44.974698 0.21009
0.9136 42.507036 0.287055
0.914 42.150842 0.123143
0.915 43.392299 0.401639
0.9153 44.395558 0.2096
0.916 46.375168 0.247073
0.9164 43.564449 0.124439
0.9167 44.662958 0.197662
0.9172 44.491475 0.448911
0.918 43.598287 0.233497
0.9186 45.953426 0.144809
0.919 44.139235 0.167537
0.9214 44.837286 0.210626
0.926 43.301999 0.337797
0.9274 43.290491 0.174316
0.928 44.94946 0.283297
0.929 43.451148 0.240218
0.9304 44.492386 0.219959
0.9306 43.614927 0.336505
0.9306 42.822821 0.201417
0.931 43.723197 0.18041
0.931 39.598225 0.167417
0.9341 45.194943 0.264294
0.935 42.112666 0.158336
0.935 44.3245 0.256389
0.935 41.982298 0.173622
0.9363 45.302734 0.245477
0.9366 44.973907 0.32867
0.9368 43.429996 0.114638
0.9369 45.590499 0.215816
0.9375 41.544448 0.213564
0.9375 42.685813 0.077099
0.9387 41.662271 0.260304
0.939 46.445429 0.143878
0.939 42.733179 0.159295
0.939 46.541604 0.209258
0.939 44.017141 0.176985
0.9395 45.702232 0.218913
0.9398 43.765822 0.184482
0.941 42.404211 0.14961
0.9424 41.073826 0.211891
0.9427 44.490119 0.147599
0.945 44.127833 0.327313
0.945 42.245439 0.198327
0.945 42.451596 0.192679
0.9454 44.434561 0.222017
0.949 41.794776 0.28183
0.9493 43.293777 0.171481
0.9505 43.857737 0.238217
0.9508 45.724681 0.213122
0.9529 42.00333 0.384881
0.953 41.32788 0.3297
0.953 41.938473 0.143888
0.954 44.022564 0.354566
0.954 42.543247 0.205171
0.9541 43.829048 0.238635
0.9548 44.070924 0.154238
0.9558 41.871923 0.216241
0.9559 43.139337 0.156145
0.956 42.385573 0.17586
0.957 43.89625 0.127973
0.957 47.250108 0.194239
0.9575 46.235915 0.315742
0.9604 45.225024 0.24854
0.9607 45.612356 0.249853
0.9617 45.419425 0.127156
0.962 42.945471 0.148225
0.9628 44.157655 0.372415
0.9628 44.688133 0.442602
0.963 42.251242 0.129049
0.9632 45.428747 0.284021
0.9641 46.809452 0.314355
0.9651 43.280022 0.160362
0.966 43.285246 0.154661
0.9665 46.424857 0.257633
0.9667 42.324846 0.071203
0.9671 43.518706 0.191123
0.9677 46.630612 0.222744
0.968 44.977168 0.231888
0.9689 44.898627 0.268379
0.9704 43.159386 0.222044
0.971 44.498533 0.18065
0.9737 43.887809 0.232534
0.9739 43.729169 0.180206
0.9743 46.012881 0.218279
0.9779 46.438625 0.316106
0.978 43.7503 0.188727
0.978 44.576066 0.236715
0.978 42.516427 0.136908
0.9784 44.956074 0.15121
0.9785 46.390416 0.22683
0.979 47.207963 0.323775
0.9803 42.685565 0.187608
0.9803 47.391293 0.338238
0.9806 45.154558 0.238326
0.9815 42.427593 0.238087
0.9824 42.655469 0.105489
0.9828 44.567672 0.162531
0.9829 43.327797 0.129632
0.983 46.295007 0.171729
0.9842 43.045112 0.1728
0.985 42.413934 0.14865
0.985 43.516568 0.184797
0.986 40.548115 0.219648
0.987 44.825221 0.217628
0.9877 44.832802 0.215332
0.9894 45.818108 0.251532
0.9899 44.963715 0.220969
0.99 42.695335 0.201769
0.9902 43.291648 0.202539
0.9918 40.399888 0.147061
0.993 41.27833 0.142324
0.9956 42.846706 0.20509
0.996 41.522309 0.168998
0.996 42.948952 0.211273
0.997 43.958371 0.168871
0.998 43.5986 0.151332
0.998 44.72059 0.202017
0.9981 45.215477 0.246783
0.9985 42.457569 0.243486
0.999 41.962316 0.181571
0.9994 44.493305 0.180635
0.9996 42.963398 0.172278
0.9997 41.513389 0.180271
1.0002 43.852366 0.129247
1.0005 47.239447 0.537841
1.0021 45.265176 0.186811
1.0029 42.861524 0.196858
1.005 42.482508 0.189839
1.005 41.462001 0.190944
1.0059 42.174295 0.141873
1.006 45.537697 0.238228
1.006 43.697387 0.243714
1.0064 42.148903 0.162434
1.0065 42.624583 0.125356
1.0067 41.599973 0.311626
1.0072 44.523703 0.150027
1.009 45.086547 0.278513
1.009 45.553108 0.222075
1.0102 42.11999 0.221222
1.0114 44.04146 0.22106
1.012 46.750796 0.267368
1.0134 40.867819 0.089673
1.0138 45.40404 0.222212
1.015 42.686051 0.172454
1.0154 44.065719 0.186819
1.017 43.20333 0.243669
1.017 44.919905 0.193768
1.0193 46.685965 0.54877
1.0219 43.514444 0.311427
1.022 45.405012 0.204281
1.0225 46.811825 0.290075
1.023 44.368558 0.24374
1.0239 47.060103 0.295013
1.024 43.481716 0.203515
1.024 43.736281 0.15898
1.0241 38.306791 0.240558
1.025 44.028896 0.249902
1.0259 44.940324 0.189132
1.026 43.89609 0.1779
1.026 46.703493 0.227224
1.0267 42.615978 0.160548
1.0267 43.923088 0.143031
1.027 45.022039 0.219226
1.0276 46.093932 0.424657
1.028 44.773869 0.571364
1.0301 42.041103 0.143104
1.031 44.335879 0.233663
1.0319 41.843056 0.167821
1.0319 44.273865 0.177656
1.032 44.186707 0.26469
1.0338 42.273519 0.126774
1.034 44.9612 0.326274
1.034 40.609095 0.1396
1.0345 43.137969 0.225413
1.0348 44.631035 0.265517
1.0374 42.346124 0.123514
1.038 45.072302 0.272923
1.0396 44.252602 0.267426
1.04 42.796876 0.17775
1.0408 42.67241 0.237603
1.0409 44.2571 0.148257
1.0416 43.87384 0.268458
1.0419 42.553916 0.135421
1.042 45.557979 0.329756
1.0444 44.826818 0.274532
1.0462 43.833828 0.127168
1.047 39.922826 0.118314
1.0471 44.301606 0.259526
1.0492 43.914369 0.307579
1.0501 44.424525 0.276585
1.052 44.284191 0.202181
1.0526 43.003023 0.180851
1.0529 45.334925 0.22752
1.053 41.846349 0.135543
1.054 44.643601 0.207144
1.055 44.541248 0.252265
1.055 45.880878 0.430299
1.0577 43.676461 0.297379
1.0579 45.667666 0.650231
1.0596 45.443841 0.26535
1.061 43.763954 0.218098
1.0615 45.364911 0.273275
1.063 42.530255 0.164729
1.0632 49.037789 0.319583
1.0634 46.642773 0.356168
1.0649 44.28116 0.176771
1.0655 42.96971 0.408653
1.0659 44.941583 0.149666
1.0665 43.72195 0.146402
1.0669 45.098903 0.267732
1.0676 44.985979 0.225616
1.068 44.523306 0.250945
1.0685 45.443788 0.289018
1.0702 42.05754 0.147314
1.071 43.285809 0.116672
1.0716 45.38761 0.225438
1.0744 43.105657 0.130815
1.0748 47.747546 0.310451
1.0749 43.105134 0.182986
1.0752 42.967099 0.220919
1.0755 44.21903 0.214135
1.0757 43.998906 0.205422
1.076 44.104686 0.243377
1.076 44.247566 0.420932
1.0774 43.866167 0.244735
1.0782 45.103801 0.177422
1.0791 44.336825 0.240119
1.0822 44.004209 0.380209
1.083 39.005319 0.177249
1.0833 42.057473 0.138746
1.0833 43.995178 0.139079
1.0833 45.199493 0.386251
1.0837 45.640661 0.180164
1.084 44.479777 0.130158
1.0851 41.773415 0.170851
1.0852 45.143933 0.174651
1.086 43.518384 0.394333
1.086 43.875419 0.265344
1.0864 44.47227 0.15374
1.087 49.994298 0.50608
1.088 45.69825 0.188471
1.088 43.691593 0.193068
1.0899 41.560541 0.132103
1.0909 45.320904 0.210474
1.091 45.48615 0.260021
1.0914 47.969784 0.374263
1.0926 44.621455 0.211491
1.0947 41.205768 0.239133
1.0949 44.131542 0.143051
1.095 47.190915 0.328423
1.096 42.928204 0.198888
1.1013 40.437143 0.160341
1.1019 47.110693 0.2185
1.102 46.586207 0.31637
1.1021 46.938346 0.274923
1.103 45.98712 0.539728
1.1044 45.321691 0.264682
1.106 45.51307 0.413
1.107 41.563639 0.137662
1.109 47.183168 0.380534
1.109 46.807114 0.467842
1.109 43.398079 0.167405
1.1099 44.701073 0.211019
1.1105 44.978791 0.292268
1.1109 45.5416 0.163595
1.1119 42.917008 0.149064
1.1119 44.048194 0.106949
1.112 43.426662 0.175306
1.113 42.983547 0.213864
1.1137 42.482271 0.382801
1.1138 44.818799 0.180559
1.1147 45.446822 0.562421
1.1155 45.009835 0.487671
1.1168 44.888746 0.15657
1.117 44.93544 0.294061
1.1181 45.752577 0.216468
1.1193 45.068085 0.536113
1.12 44.382842 0.158608
1.1203 43.609383 0.18194
1.1208 44.952811 0.220332
1.121 45.301913 0.28415
1.1211 45.205115 0.161852
1.122 41.135877 0.165699
1.122 45.429498 0.172436
1.123 44.244856 0.193295
1.1242 44.518431 0.181764
1.1249 43.584336 0.397272
1.1254 44.296393 0.206731
1.1273 42.547506 0.16075
1.1276 43.835799 0.20009
1.1279 44.077916 0.264538
1.1281 45.250184 0.509605
1.1288 46.07151 0.397678
1.1296 45.088605 0.320085
1.1297 43.349706 0.170712
1.1299 43.214831 0.269138
1.13 44.951041 0.253182
1.1307 43.87336 0.310677
1.1315 45.823064 0.402705
1.1321 43.593998 0.193459
1.1325 43.774208 0.206111
1.1327 41.664914 0.158268
1.1336 43.822675 0.214796
1.134 44.477132 0.282069
1.1351 45.788118 0.255768
1.1356 45.241754 0.268616
1.1401 44.35716 0.224258
1.1402 45.421114 0.153058
1.141 41.5186 0.245687
1.1422 45.367364 0.1362
1.1423 43.511074 0.166481
1.1446 45.664641 0.22762
1.1446 45.859501 0.397285
1.1456 45.366889 0.331895
1.146 44.41749 0.217386
1.147 44.540019 0.146842
1.1477 44.368852 0.21973
1.1484 42.848074 0.089038
1.149 44.701145 0.260168
1.1496 44.561963 0.418676
1.151 42.850323 0.414151
1.151 40.888952 0.178509
1.1516 45.425112 0.273295
1.1519 43.81296 0.217853
1.1521 44.839324 0.214558
1.1537 44.369866 0.24778
1.1546 42.206047 0.352848
1.1551 44.963601 0.324886
1.1555 43.635682 0.113433
1.1558 43.367838 0.183407
1.156 45.410147 0.193302
1.156 43.564227 0.153286
1.156 45.934464 0.329498
1.1568 43.185152 0.152909
1.1575 43.473441 0.381221
1.1581 44.032179 0.194526
1.159 41.239333 0.189543
1.16 45.201145 0.256662
1.1602 42.594676 0.145543
1.1604 46.70992 0.532453
1.1606 43.877379 0.236988
1.1607 43.810475 0.222233
1.162 45.471732 0.407739
1.162 46.972435 0.205688
1.162 45.521289 0.254802
1.1628 43.672851 0.152538
1.1635 45.475232 0.329931
1.1639 45.660766 0.129619
1.164 45.415714 0.516869
1.1642 45.80331 0.30342
1.1651 46.867432 0.295643
1.1654 45.08732 0.254689
1.1659 44.199882 0.216577
1.168 46.287614 0.575668
1.168 41.760917 0.155256
1.168 43.280665 0.247183
1.1688 41.996844 0.138512
1.1696 47.02266 0.208675
1.1718 46.257568 0.599735
1.1732 43.815034 0.280323
1.1747 44.806865 0.226641
1.1749 45.991123 0.40025
1.1753 43.545324 0.3031
1.1755 43.05707 0.426284
1.1757 49.68892 1.148388
1.1764 44.513708 0.254527
1.1779 43.413116 0.280695
1.1801 42.411526 0.215871
1.1806 44.81397 0.334194
1.181 41.783608 0.226585
1.1814 44.919384 0.177545
1.1816 46.857081 0.224396
1.1819 45.273117 0.451615
1.182 45.07757 0.507033
1.184 42.828346 0.175329
1.1843 42.68743 0.176002
1.185 45.882607 0.114516
1.1858 44.764587 0.138806
1.1874 46.37725 0.399111
1.1883 44.750846 0.20249
1.1895 45.970122 0.157834
1.1896 45.463739 0.334688
1.19 45.038671 0.290932
1.1902 43.847701 0.269964
1.1904 46.129963 0.402634
1.1911 42.362309 0.197462
1.1922 42.89131 0.132494
1.1927 42.873965 0.458033
1.193 43.767093 0.386958
1.193 44.257548 0.293499
1.1939 44.493629 0.373538
1.194 43.686298 0.435699
1.1953 45.265418 0.212554
1.1954 44.002277 0.181897
1.1971 45.674763 0.363522
1.1978 45.168976 0.260544
1.198 43.818575 0.105107
1.199 45.53155 0.686577
1.1992 44.306287 0.211298
1.204 46.46881 0.341477
1.204 43.998354 0.178835
1.2046 40.320637 0.176317
1.2052 46.993388 0.346487
1.2055 44.88547 0.307085
1.2069 43.419284 0.158516
1.207 46.788746 0.254053
1.208 46.688056 0.209483
1.208 45.805463 0.310847
1.2082 45.050317 0.211168
1.2091 44.323741 0.206386
1.21 44.846605 0.287762
1.2118 50.03279 0.394165
1.2119 44.952028 0.188472
1.2134 43.921324 0.196131
1.2134 46.616602 0.253554
1.2145 46.306258 0.228434
1.2158 44.49948 0.224025
1.2166 47.463585 0.339925
1.2171 43.30072 0.443404
1.218 44.091344 0.278245
1.218 45.536684 0.578314
1.2215 44.621463 0.135652
1.222 44.090334 0.254684
1.2221 44.996248 0.241772
1.224 42.894188 0.146529
1.2244 45.782929 0.346294
1.2249 46.412766 0.221663
1.2253 45.68887 0.352989
1.226 42.357198 0.224746
1.2267 45.103563 0.283046
1.2268 44.772126 0.228369
1.227 43.297715 0.139092
1.228 42.597677 0.186588
1.228 42.107095 0.655948
1.2294 46.629508 0.297531
1.23 44.037572 0.428964
1.2303 48.907804 0.751063
1.2313 44.545053 0.296144
1.2324 44.957536 0.377363
1.2335 43.288544 0.198854
1.2339 42.078323 0.191447
1.2344 46.923403 0.354858
1.2348 43.627061 0.186294
1.235 45.730427 0.348808
1.2378 43.534102 0.44899
1.2431 45.938851 0.172846
1.245 42.0365 0.174021
1.245 44.795251 0.499506
1.2458 44.834152 0.223599
1.2463 48.736566 0.267715
1.2463 45.506984 0.234046
1.2465 41.821164 0.282675
1.247 43.544132 0.309521
1.247 47.671921 0.251533
1.2477 45.961365 0.584421
1.248 46.277222 0.31627
1.2482 46.986371 0.206548
1.249 47.756859 0.422436
1.2496 43.968476 0.331235
1.2501 44.021317 0.176344
1.2511 43.554878 0.150161
1.2528 44.039237 0.21505
1.253 45.848768 0.371073
1.253 45.101069 0.279712
1.2536 46.472235 0.587461
1.2542 42.408969 0.120567
1.2551 45.814092 0.217949
1.2595 44.565956 0.232927
1.26 44.754741 0.161382
1.262 44.129703 0.192378
1.2637 45.651806 0.190831
1.2647 44.527105 0.224297
1.2664 44.24663 0.323953
1.2672 46.866575 0.432738
1.269 45.365889 0.639121
1.2693 44.805497 0.374131
1.271 42.403205 0.176863
1.271 45.717577 0.401837
1.2725 46.16967 0.299841
1.2735 42.597511 0.33477
1.2747 42.61963 0.167085
1.2751 45.126115 0.377547
1.2754 45.732935 0.356351
1.2754 42.479693 0.259183
1.2759 43.671285 0.206772
1.276 45.704437 0.441524
1.276 42.962385 0.145411
1.2766 42.051102 0.139169
1.283 42.538519 0.199258
1.284 45.298654 0.120717
1.2846 44.482503 0.216902
1.286 43.519373 0.217282
1.287 44.632133 0.216087
1.2872 45.994455 0.428125
1.2882 45.195412 0.199889
1.2885 45.077163 0.308831
1.2895 44.216481 0.254659
1.2904 48.800438 1.062935
1.2919 44.603328 0.273914
1.2922 46.127455 0.679098
1.2923 43.383557 0.19806
1.2934 44.012679 0.228728
1.2953 46.100474 0.340155
1.2963 44.937775 0.198282
1.2968 45.509462 0.279412
1.297 45.871898 0.42612
1.297 42.052938 0.19032
1.2974 46.129345 0.386823
1.298 42.406863 0.174941
1.2987 45.732101 0.181377
1.3 43.402366 0.273442
1.301 44.788763 0.301192
1.305 43.02606 0.188995
1.3051 43.926044 0.279965
1.306 45.02927 0.278272
1.306 45.133323 0.490252
1.307 42.369933 0.315341
1.3071 43.624314 0.273231
1.3091 45.314391 0.37958
1.3091 43.776769 0.164269
1.3106 45.617713 0.334422
1.3114 44.619985 0.268857
1.314 43.091607 0.421359
1.3172 44.897967 0.305673
1.3172 45.195121 0.407721
1.318 45.031554 0.304231
1.318 45.472477 0.431154
1.3183 42.007351 0.13126
1.321 41.454907 0.309887
1.3212 45.515569 0.284519
1.3239 44.216987 0.369517
1.324 42.740785 0.359745
1.3243 42.984091 0.463108
1.3259 43.335712 0.292904
1.3283 44.986876 0.148368
1.329 43.633986 0.237103
1.3295 48.650709 0.362715
1.3301 43.22766 0.199276
1.3311 45.16612 0.39635
1.332 44.335266 0.312099
1.3326 44.74987 0.312439
1.333 45.862893 0.249091
1.335 48.617977 0.457415
1.3366 46.501632 0.381506
1.34 44.469247 0.178483
1.3413 45.619392 0.35553
1.342 46.427092 0.377934
1.3421 45.773836 0.488648
1.3426 43.639002 0.539281
1.3432 44.829178 0.160129
1.3437 43.057093 0.116733
1.3449 44.823626 0.188641
1.3452 45.908477 0.294781
1.3463 47.570294 0.388746
1.3468 46.343627 0.323384
1.347 46.424779 0.454918
1.3472 43.449707 0.267835
1.3487 46.511745 0.350023
1.349 42.528803 0.141399
1.3505 46.045108 0.345641
1.3526 42.756495 0.187306
1.353 45.637141 0.359662
1.3532 46.524979 0.41681
1.3537 43.050255 0.313695
1.354 44.971275 0.301369
1.3542 42.431112 0.283666
1.3548 45.817137 0.291126
1.3552 46.640388 0.823908
1.3553 44.23751 0.418155
1.356 44.680189 0.144927
1.356 45.488651 0.268702
1.3561 45.964184 0.294963
1.3563 44.992214 0.353452
1.3566 46.016974 0.371017
1.3569 44.651126 0.323288
1.357 46.328743 0.409039
1.3576 44.898165 0.335297
1.3596 46.162028 0.385337
1.36 43.771377 0.221027
1.361 45.624559 0.138423
1.3613 45.789625 0.571006
1.3619 46.247056 0.698905
1.363 45.386834 0.262087
1.3632 48.504885 0.523918
1.364 44.688917 0.357473
1.365 46.665874 0.157183
1.365 48.583275 0.461948
1.3654 42.730812 0.221273
1.3655 45.399662 0.252656
1.3666 42.614936 0.172917
1.3667 45.783139 0.223919
1.3709 44.293777 0.191659
1.371 44.223449 0.234375
1.3726 46.506779 0.214348
1.3751 42.340049 0.130726
1.3751 43.002071 0.171671
1.3757 47.24084 0.545284
1.3759 44.486465 0.291854
1.3766 44.201021 0.333146
1.3767 47.24137 0.881108
1.377 46.02909 0.55536
1.377 46.118886 0.45394
1.377 44.106858 0.720963
1.3777 45.795926 0.301655
1.3823 44.840614 0.366092
1.3844 42.995622 0.347602
1.3849 41.353371 0.225332
1.388 46.143424 0.303723
1.3929 45.854087 0.538794
1.393 44.318557 0.347706
1.3948 44.511302 0.280024
1.3951 45.130567 0.280393
1.3968 44.092007 0.222775
1.397 45.748858 0.12565
1.397 44.803958 0.193369
1.3971 46.057731 0.433646
1.3984 44.691702 0.261008
1.3984 46.113144 0.217113
1.3984 44.383866 0.544152
1.399 42.900792 0.233591
1.399 42.876116 0.234912
1.399 44.343329 0.138827
1.4 46.90339 0.40748
1.401 44.431213 0.28597
1.4026 45.126563 0.304183
1.404 44.259149 0.260039
1.404 44.510953 0.180405
1.4042 45.142517 0.496303
1.406 45.06235 0.361275
1.4071 45.253594 0.360932
1.4073 43.857521 0.231815
1.4079 46.36038 0.472445
1.4098 44.386559 0.445761
1.411 45.609012 0.153573
1.4112 46.205833 0.4614
1.412 48.608739 0.557694
1.4123 47.43983 0.447311
1.4147 41.691544 0.272816
1.4151 44.906779 0.15678
1.4153 47.368984 0.385389
1.416 45.112599 0.404695
1.416 41.081549 0.221426
1.4173 39.548446 0.148779
1.4182 45.530183 0.307165
1.4203 44.716799 0.248777
1.4231 44.712275 0.426117
1.4232 44.514203 0.274444
1.4241 43.350305 0.397694
1.4251 46.369113 0.470342
1.4266 44.393749 0.134319
1.4271 44.282796 0.512029
1.428 45.154693 0.300843
1.43 42.373528 0.236992
1.4321 42.630175 0.188842
1.434 44.375027 0.200437
1.437 44.837705 0.396572
1.437 45.131864 0.368598
1.4375 43.054673 0.259748
1.4381 45.636327 0.543797
1.4399 43.312909 0.398533
1.4418 45.760157 0.343036
1.442 45.97584 0.762252
1.4422 42.893425 0.219486
1.4423 44.063607 0.293702
1.4428 43.859154 0.297575
1.443 43.795664 0.288206
1.445 44.66177 0.248714
1.446 46.826579 0.462932
1.446 46.262774 0.376032
1.448 43.534291 0.251674
1.449 45.764524 0.313658
1.4496 44.014468 0.351004
1.451 45.405051 0.245872
1.4511 46.35091 0.563551
1.453 45.431652 0.425229
1.4554 45.754675 0.542867
1.4569 44.769534 0.177108
1.4592 45.502739 0.278869
1.4599 44.49979 0.259339
1.461 47.084738 0.435342
1.4613 44.835337 0.27323
1.4615 44.167564 0.149499
1.4645 48.052444 0.794078
1.4648 43.177168 0.370533
1.4655 45.140156 0.279907
1.4656 49.828641 0.333369
1.4662 45.960666 0.468304
1.4664 44.795171 0.252958
1.4665 39.776855 0.194876
1.4672 47.443333 0.748117
1.4687 43.837045 0.625148
1.4692 47.09621 0.420116
1.471 45.280908 0.37799
1.472 42.703919 0.157456
1.474 44.794315 0.309683
1.4747 45.461916 0.148247
1.4769 44.647593 0.347898
1.478 44.091524 0.268388
1.4789 42.4317 0.250685
1.4794 45.292489 0.46691
1.4804 44.458053 0.238558
1.4811 45.447863 0.20016
1.4831 45.311181 0.330914
1.485 43.419003 0.200806
1.4857 43.570042 0.524961
1.4858 46.506856 0.603165
1.4861 42.966819 0.292592
1.4872 46.638096 0.436512
1.4883 45.390331 0.20635
1.4894 45.141726 0.357695
1.4911 45.146924 0.183375
1.493 46.912396 0.66063
1.4955 45.931388 0.228885
1.4983 47.438885 0.59192
1.4993 45.996752 0.441003
1.4994 45.481612 0.393295
1.5 45.652331 0.626768
1.5003 47.194352 0.410549
1.501 45.341182 0.186074
1.5016 44.945253 0.612792
1.502 43.003369 0.242002
1.5027 45.112199 0.739648
1.5029 47.012213 1.030479
1.5039 43.297577 0.212205
1.504 46.312174 0.339538
1.5041 44.698128 0.158186
1.5045 45.173149 0.254547
1.506 45.350006 0.361165
1.507 44.41007 0.425245
1.508 47.723996 0.377527
1.5088 43.157836 0.180722
1.5096 43.572468 0.08441
1.5103 45.629785 0.296426
1.514 45.707947 0.723484
1.5143 46.326578 0.291495
1.5148 41.339172 0.293261
1.5149 44.797089 0.21814
1.515 46.989753 0.560127
1.515 48.164545 0.662131
1.515 46.774482 0.688091
1.5156 47.548133 0.547042
1.516 44.873582 0.569553
1.5163 47.50444 0.403202
1.5164 44.746523 0.588283
1.5186 43.392 0.267901
1.5189 46.902843 0.387909
1.5189 43.518742 0.349483
1.5193 45.793447 0.318801
1.52 42.110905 0.23462
1.5203 44.391564 0.212408
1.521 44.240475 0.33114
1.521 45.088226 0.312168
1.5215 45.274602 1.21016
1.522 46.046618 0.39714
1.5225 44.917481 0.285943
1.5232 45.388917 0.439307
1.5234 47.66272 0.952376
1.5241 44.733119 0.285635
1.5244 45.962299 0.468457
1.525 44.320853 0.351306
1.5259 45.572228 0.237096
1.528 45.137938 0.663639
1.5291 46.963552 0.517276
1.5293 43.823496 0.463215
1.5314 41.319189 0.207884
1.5329 43.638715 0.163211
1.5332 45.017864 0.39747
1.5339 46.258228 0.637009
1.5344 44.590536 0.291099
1.5346 46.377539 0.50436
1.536 45.532438 0.552669
1.5366 44.280999 0.403091
1.5366 43.313013 0.172426
1.5373 45.583214 0.190438
1.5376 49.079784 0.728962
1.538 44.205839 0.169849
1.538 43.009113 0.247201
1.5393 45.658081 0.466599
1.5404 47.112701 0.333375
1.5405 45.636989 0.28779
1.5421 44.138039 0.281032
1.5449 45.564484 0.244186
1.5479 46.029724 0.493769
1.5489 45.06672 0.224494
1.5507 44.959479 0.21603
1.551 44.029572 0.227661
1.551 46.347066 0.371523
1.5536 47.560328 0.364331
1.5539 45.499249 0.739754
1.5562 44.47391 0.534978
1.5563 44.376537 0.299835
1.5571 44.009788 0.326918
1.5583 45.518065 0.433739
1.56 45.471123 0.498453
1.56 45.759167 0.441412
1.5603 45.784743 0.344345
1.5618 44.500451 0.272005
1.5626 46.007564 0.356905
1.5639 43.816501 0.38145
1.564 44.344134 0.303816
1.565 46.213948 0.619371
1.565 45.963058 0.425984
1.5652 44.291712 0.265489
1.566 45.394947 0.292342
1.5667 44.749245 0.245018
1.5672 44.85925 0.317105
1.5674 44.702134 0.145261
1.5715 46.088755 0.236258
1.5718 45.092674 0.352632
1.5724 45.215872 0.464333
1.5727 47.684511 0.305859
1.5731 42.473201 0.436325
1.5733 44.198488 0.137345
1.5739 46.930125 0.442784
1.574 48.231668 0.670396
1.5751 46.378329 0.760449
1.5753 43.857412 0.215506
1.577 46.638725 0.386692
1.5783 46.32533 0.340856
1.5784 45.072845 0.651972
1.579 44.755967 0.270771
1.5795 46.861948 0.511029
1.5801 43.704316 0.254115
1.5816 44.708213 0.551544
1.5818 43.891983 0.239292
1.5824 45.467853 0.186928
1.583 43.938525 0.592499
1.5838 45.666739 0.880149
1.5845 45.479724 0.275855
1.5845 45.84892 0.449728
1.585 44.754318 0.388694
1.585 45.223558 0.394504
1.5855 43.509731 0.414134
1.5862 44.188574 0.32588
1.5873 44.18897 0.189076
1.5874 45.552732 0.551149
1.588 46.296071 0.257024
1.5881 44.592703 0.303144
1.5915 43.031492 0.115534
1.592 46.683078 0.43731
1.5925 47.416086 0.769272
1.5928 43.567117 0.167008
1.5935 44.872732 0.571327
1.594 43.62388 0.117273
1.5954 46.268555 0.745986
1.596 44.61418 0.221287
1.596 45.148505 0.13523
1.5964 46.622324 0.541689
1.597 43.961055 0.275932
1.5987 45.2286 0.457
1.5997 44.859964 0.241225
1.6 44.419177 0.444243
1.6003 46.856538 0.689068
1.603 44.040159 0.319451
1.6033 41.447616 0.187127
1.6036 45.153632 0.605166
1.6039 45.008205 0.257296
1.6047 45.855698 0.242468
1.6058 45.535387 0.351578
1.6059 46.00913 0.264076
1.6079 47.256254 0.891392
1.608 45.505809 0.443009
1.6082 44.948439 0.335179
1.6084 45.948861 0.349694
1.6089 46.618313 0.434235
1.609 45.77412 0.410766
1.6112 43.995149 0.277113
1.6118 45.318329 0.243927
1.6122 45.285733 0.280111
1.6127 46.817429 0.290148
1.615 43.861147 0.412902
1.6152 44.64484 0.457374
1.6158 46.532626 0.794262
1.6163 48.816292 0.348901
1.6182 45.734304 0.706967
1.6201 45.729625 0.249091
1.6209 47.855009 0.493096
1.621 45.958222 0.20864
1.6215 43.849001 0.318966
1.626 46.512003 0.474798
1.6261 46.335768 0.643594
1.627 44.359477 0.276052
1.6274 48.546877 1.02379
1.6282 43.521542 0.330005
1.6299 44.304134 0.237394
1.6304 42.425299 0.331393
1.6326 43.438752 0.282308
1.633 44.848826 0.1175
1.633 45.929785 0.419146
1.6332 46.495324 0.597703
1.6334 45.611364 0.569416
1.634 46.037165 0.362926
1.6352 48.608261 0.520569
1.6377 46.449773 0.392436
1.6391 45.595612 0.419575
1.6392 43.736861 0.203083
1.6406 45.316331 0.597964
1.641 46.87172 0.276169
1.6428 44.005186 0.198248
1.643 44.58502 0.33614
1.6448 46.005498 0.368589
1.6459 46.927908 0.548318
1.646 44.845096 0.534655
1.646 45.58393 0.56413
1.6464 46.145246 0.335716
1.6466 45.195175 0.263926
1.648 43.05196 0.371019
1.6485 46.059562 0.753181
1.65 41.655028 0.130864
1.6508 45.614856 0.468745
1.6516 45.420117 0.404492
1.6518 43.686527 0.41921
1.652 46.474233 1.000963
1.652 45.140835 0.622329
1.655 46.690046 0.528097
1.656 43.870328 0.252255
1.657 45.31376 0.428534
1.6573 44.041532 0.205673
1.6579 47.022483 0.343021
1.6625 44.934104 0.366373
1.6643 45.639698 0.239349
1.6644 47.091893 0.80549
1.667 43.632951 0.112962
1.667 44.499494 0.321722
1.6678 43.924819 0.259907
1.6708 44.253106 0.33323
1.671 45.043649 0.470989
1.671 44.18834 0.275559
1.6712 45.451978 0.456816
1.6729 41.622784 0.160226
1.6754 44.211905 0.27243
1.6756 42.5654 0.176888
1.6757 44.547617 0.637573
1.6757 43.892658 0.28262
1.678 45.614842 0.344153
1.6796 47.720549 0.744821
1.6796 46.603902 0.316349
1.6803 45.298291 0.288871
1.684 41.833874 0.361864
1.6854 45.899461 0.61744
1.686 47.607383 0.294197
1.687 42.251519 0.159372
1.688 41.749801 0.244102
1.6881 45.90157 0.323702
1.6896 44.318876 0.496755
1.6919 47.609714 0.255955
1.694 45.206594 0.51144
1.6982 40.088591 0.283221
1.699 45.984427 0.222547
1.7 43.797853 0.353197
1.7004 45.310991 0.365561
1.7005 43.906028 0.341631
1.703 45.485951 0.478889
1.703 44.891154 0.324427
1.7039 44.646606 0.257122
1.704 45.705935 0.283647
1.707 44.277289 0.234941
1.7111 45.774572 0.785395
1.7117 45.896896 0.516445
1.712 46.302729 0.578116
1.7174 44.422998 0.348187
1.7191 47.10784 0.663732
1.7194 45.691869 0.36011
1.721 45.950835 0.656695
1.7218 46.650972 0.635627
1.7221 45.53358 0.25506
1.7226 45.524356 0.120965
1.7226 45.878165 0.401303
1.7231 43.046767 0.229438
1.7249 45.115047 0.426046
1.725 43.004953 0.292529
1.7253 45.974693 0.479715
1.7256 43.288462 0.276996
1.726 44.448373 0.205235
1.727 45.268471 0.417606
1.731 38.891108 0.164928
1.731 47.745622 1.038582
1.7338 45.668297 0.418747
1.735 43.417617 0.081298
1.7352 46.600032 0.558463
1.7355 44.574488 0.465798
1.736 46.675185 0.31075
1.7383 43.667176 0.438845
1.7391 46.364617 0.27632
1.7393 45.241968 0.41503
1.7396 48.713263 0.654659
1.7399 42.316833 0.266087
1.74 42.431492 0.254935
1.742 46.746423 0.527286
1.7452 44.918384 0.398515
1.7453 41.790042 0.160917
1.7495 45.308293 0.827677
1.7497 44.476861 0.413523
1.75 45.777538 0.587545
1.7513 45.641604 0.435868
1.753 44.557358 0.438352
1.7535 44.726455 0.376074
1.7547 48.043974 0.353564
1.7552 47.957451 0.561443
1.756 44.397443 0.537202
1.7566 44.070457 0.549899
1.758 45.453685 0.424556
1.7613 50.678573 0.489995
1.762 42.954985 0.305147
1.7628 42.36761 0.15026
1.7633 44.713962 0.428607
1.7644 43.489144 0.446262
1.7645 44.526785 0.457104
1.7651 46.849599 0.71738
1.766 48.898945 1.077593
1.7674 45.647576 0.180504
1.77 45.686106 0.696323
1.7706 44.4398 0.297246
1.771 45.743441 0.351546
1.7719 47.548665 0.650194
1.7725 44.326008 0.44706
1.773 45.034189 0.540692
1.7734 47.235794 0.855869
1.775 43.373366 0.340233
1.7779 44.438856 0.16695
1.7785 42.770275 0.315788
1.7795 44.074154 0.317217
1.7836 44.94556 0.353722
1.7838 43.716517 0.377778
1.7852 46.659771 0.224712
1.7865 44.809276 0.320233
1.787 46.262444 0.785241
1.7873 45.392264 0.257314
1.788 44.943442 0.245467
1.7895 44.747383 0.683478
1.791 46.551399 0.582239
1.7928 46.54595 0.273872
1.7945 43.25437 0.208211
1.7961 45.748878 0.59781
1.7966 45.037143 0.707949
1.798 47.971572 0.343716
1.7996 43.125471 0.297462
1.8013 45.418453 0.289691
1.8036 44.996277 0.478773
1.8039 48.847034 0.77687
1.804 44.114013 0.344657
1.8055 45.070824 0.273492
1.8056 44.112659 0.28164
1.807 46.10365 0.549652
1.807 44.771884 0.32127
1.808 44.144112 0.61388
1.8089 46.07849 0.242804
1.809 45.273742 0.515944
1.812 45.356906 0.579653
1.8125 45.382246 0.552515
1.8134 44.649609 0.443215
1.816 44.058987 0.207614
1.8166 46.525749 0.367251
1.817 45.651965 0.266499
1.8174 44.505314 0.162885
1.8185 44.70245 0.35334
1.8201 41.613601 0.348206
1.824 45.001111 0.431846
1.826 44.162473 0.734338
1.826 44.906215 0.126512
1.8261 42.975541 0.254228
1.8298 46.231232 0.258239
1.8342 48.092521 0.686975
1.835 41.181969 0.231142
1.8356 45.36713 0.280516
1.837 45.753687 0.311764
1.839 44.33685 0.367647
1.839 42.673254 0.306831
1.842 46.584361 0.918319
1.842 43.363834 0.283864
1.846 45.470323 0.474964
1.8466 43.910048 0.665745
1.847 43.632702 0.63703
1.847 42.149503 0.206526
1.8476 44.047332 0.175096
1.8486 46.53838 0.609922
1.853 45.87798 0.398853
1.8542 48.509313 1.269826
1.855 43.544 0.389031
1.8562 45.283886 0.65662
1.857 43.498022 0.240769
1.857 47.896043 0.566699
1.8586 45.853037 0.565803
1.861 43.08182 0.072516
1.862 43.920625 0.490097
1.8628 44.607638 0.179107
1.8639 45.322331 0.416487
1.864 45.261259 0.419235
1.864 42.54457 0.343284
1.8667 43.871036 0.218185
1.869 44.79342 0.787012
1.87 44.591011 0.195795
1.871 45.351028 0.181534
1.8717 45.185095 0.715227
1.8722 46.567119 0.25317
1.8731 44.769404 0.53283
1.874 45.042248 0.253088
1.8755 46.677791 0.631388
1.878 42.353869 0.319405
1.879 45.756211 0.843888
1.879 44.788264 0.465964
1.879 45.790618 0.39372
1.8804 46.236588 0.677762
1.8805 44.970811 0.602122
1.882 46.800761 0.385941
1.8824 45.459984 0.694516
1.884 43.87154 0.324687
1.884 47.188468 0.577165
1.8843 44.221389 0.524663
1.8864 42.928425 0.19856
1.8871 44.894497 0.386465
1.889 45.866954 0.701058
1.89 45.483571 0.275776
1.8918 47.697043 1.144077
1.892 45.974905 0.689544
1.894 45.081308 0.342481
1.8941 44.459957 0.393438
1.8955 44.131963 0.378329
1.898 46.295805 0.547622
1.8987 47.815298 0.98504
1.8987 44.932856 0.573971
1.8995 44.254308 0.384324
1.8995 44.685448 0.279214
1.8999 46.364645 0.990087
1.9 44.531254 0.141212
1.9 45.07896 0.820599
1.9005 46.027345 0.694921
1.901 47.233429 0.472145
1.901 46.010681 1.032046
1.901 44.891438 0.390309
1.902 45.580749 0.421049
1.9049 44.546304 0.365662
1.905 47.829086 0.643484
1.9088 45.86823 0.4746
1.9095 45.027355 0.743664
1.915 46.548647 0.54661
1.915 45.01162 0.683495
1.917 46.137852 0.574076
1.919 45.62034 0.47388
1.92 45.644633 0.648304
1.921 46.400453 0.467619
1.921 47.86927 0.96445
1.9211 44.650877 0.410483
1.9221 45.238204 0.516353
1.9229 46.541944 0.59941
1.9244 44.07526 0.389309
1.9247 44.636516 0.497626
1.9257 46.575873 0.702648
1.927 44.564037 0.817346
1.9284 43.531318 0.314057
1.9286 47.186944 0.512991
1.929 47.021566 0.299611
1.931 46.815374 0.50608
1.9321 45.776034 0.329444
1.9322 46.763892 0.566754
1.933 45.254879 0.541436
1.9338 45.95176 0.364889
1.936 43.570315 0.55186
1.936 42.095948 0.383061
1.9362 45.459081 0.400366
1.9377 46.222188 0.719917
1.9395 44.98577 0.591647
1.941 45.78221 0.570224
1.9414 46.628974 0.459465
1.9429 45.836764 0.745358
1.944 47.048318 0.675962
1.945 45.090904 0.3868
1.9466 43.401212 0.344175
1.952 43.541728 0.559444
1.9526 43.905758 0.416824
1.9526 46.728251 0.599373
1.954 47.689875 0.996697
1.9551 46.042963 0.570714
1.9562 43.852513 0.389448
1.9566 44.1561 0.338814
1.957 45.768777 0.693988
1.957 46.85458 0.773336
1.958 46.063093 0.706713
1.959 48.235369 0.754878
1.96 43.128538 0.339334
1.9602 45.546511 0.71682
1.9605 49.884354 0.635477
1.9617 45.303425 0.774612
1.962 44.656273 0.368638
1.9622 44.945418 0.614746
1.9622 44.983548 0.24308
1.9625 46.098941 0.58825
1.964 47.229523 0.32892
1.9645 45.304088 0.69594
1.968 45.576378 0.314965
1.9703 45.678841 0.53803
1.9705 45.14666 0.950024
1.971 41.603073 0.352668
1.9727 47.954449 0.743875
1.973 47.170766 0.236819
1.9737 44.639296 0.397286
1.9752 46.46022 0.422938
1.977 45.231768 0.614595
1.9773 45.601891 0.431734
1.9786 44.573352 0.703804
1.9817 46.087109 0.847238
1.983 47.302677 0.56659
1.985 44.121869 0.212774
1.986 46.591308 0.148962
1.9867 45.622747 0.363898
1.9902 46.242149 0.675608
1.9917 46.335334 0.483824
1.997 45.957247 0.525324
1.997 45.454995 0.299
1.9973 45.560581 0.656117
1.9974 47.159777 1.092275
1.9977 44.374212 0.590345
1.9989 48.197928 0.611898
1.9998 45.155139 0.488918
2.0006 44.029106 0.484639
2.0009 46.020248 0.775046
2.0039 46.504724 0.822455
2.0039 45.995103 0.793971
2.0055 46.978399 0.855927
2.006 44.59816 0.420748
2.008 44.309955 0.549531
2.01 47.087624 0.372873
2.0104 44.455057 0.563482
2.0121 45.666639 0.384376
2.018 45.194364 0.562622
2.0197 47.491776 0.531209
2.0201 44.119116 0.401279
2.0292 46.524636 0.441698
2.0318 46.136551 0.752786
2.0336 48.126397 0.812682
2.0347 44.777758 0.401974
2.0348 47.069737 0.505686
2.0356 43.915282 0.26315
2.0368 44.267466 0.846379
2.0387 45.70559 0.865303
2.0394 46.177846 0.501485
2.0408 45.418701 0.606849
2.0411 44.489317 0.389546
2.042 44.625672 0.204363
2.042 46.754519 0.380584
2.045 45.467202 0.273082
2.0476 44.132873 0.114743
2.05 46.753531 0.999713
2.0505 46.649797 0.570462
2.051 45.278158 0.810527
2.0513 46.294802 0.743398
2.052 43.26311 0.076953
2.054 46.899642 0.846359
2.0541 45.408088 0.280761
2.0541 46.346949 0.431891
2.0543 46.053715 0.402171
2.0549 43.230044 0.46983
2.0572 44.806814 0.675542
2.0583 47.159597 0.601351
2.059 48.250134 0.753392
2.06 45.944602 0.774553
2.065 47.245271 0.75749
2.0655 46.659985 0.840462
2.0684 46.647145 0.967886
2.0701 43.33626 0.168796
2.0705 46.168748 0.727869
2.0712 44.616986 0.451706
2.072 46.017048 0.57038
2.073 46.479348 1.042641
2.0735 45.25032 0.344472
2.086 44.215663 0.460845
2.087 46.5099 0.437891
2.089 43.438426 0.487913
2.09 45.546627 0.46394
2.0917 45.869753 0.338503
2.093 47.242754 0.801635
2.093 41.158624 0.271437
2.097 44.507534 0.890238
2.1007 44.417746 0.570656
2.101 44.803021 0.389125
2.1026 44.40041 0.373741
2.1037 45.271555 0.557868
2.104 44.799249 0.531602
2.108 44.718823 0.586678
2.109 43.791109 0.235423
2.111 47.243296 0.765524
2.1132 45.218249 0.571216
2.114 43.33755 0.8708
2.1158 44.453202 0.678595
2.1182 47.332232 0.968979
2.119 42.777421 0.29789
2.12 46.357658 0.471264
2.1208 45.19371 0.461621
2.1226 46.178909 0.491268
2.123 44.409581 0.396718
2.124 46.339424 0.968961
2.1246 45.089481 0.663182
2.126 46.51312 0.65139
2.13 45.65423 0.756065
2.13 45.864153 0.554223
2.1308 47.855292 0.951407
2.1319 45.54217 0.734598
2.135 43.613631 0.639991
2.1368 44.146233 0.65657
2.138 45.573562 0.62023
2.141 44.839743 0.493185
2.1425 43.792458 0.598019
2.143 46.988508 0.694086
2.144 42.599752 0.246637
2.148 43.379685 0.257146
2.1501 45.359172 0.492527
2.151 46.19107 0.892754
2.153 46.197268 0.754736
2.156 43.505034 0.433157
2.156 45.037179 0.415371
2.161 45.232147 0.506697
2.161 44.214351 0.959849
2.1632 46.618504 0.429509
2.164 46.126317 0.671331
2.1666 47.44722 0.743562
2.168 45.682722 0.98628
2.169 40.772028 0.451586
2.171 46.105505 0.304914
2.172 45.240441 0.683602
2.173 44.872205 1.152075
2.174 46.576101 0.315851
2.175 46.673879 0.428738
2.1786 45.047848 0.815554
2.179 42.682587 0.336343
2.179 48.01192 1.130517
2.18 44.27919 0.7634
2.182 43.840907 0.52343
2.182 46.533242 0.628139
2.1839 46.694839 0.611346
2.1871 45.807623 0.300744
2.1876 45.007904 0.514744
2.189 44.892201 0.2098
2.19 41.225767 0.276991
2.19 43.259276 0.283276
2.1906 45.565198 0.703362
2.191 43.786144 0.340487
2.1938 45.691527 0.90027
2.194 47.358862 0.79136
2.194 48.296637 0.544315
2.195 46.246295 0.886087
2.195 47.824098 0.900943
2.196 46.44653 1.233908
2.1968 47.524508 0.932489
2.201 45.273106 0.819303
2.201 45.439233 0.722421
2.204 46.190558 0.478903
2.205 47.406557 0.492402
2.209 44.773405 0.944452
2.212 46.858207 0.849492
2.213 45.208263 0.659083
2.213 45.597021 0.350353
2.214 44.187935 0.280656
2.219 43.997361 0.448273
2.219 44.189362 0.436792
2.228 45.530954 0.494117
2.234 46.606272 1.073366
2.235 46.916997 0.498289
2.239 44.829908 0.584929
2.241 44.995054 0.333432
2.246 47.482363 0.948303
2.25 46.142098 1.107291
2.254 44.513764 0.390186
2.256 44.526559 0.736515
2.261 44.962201 0.607152
2.262 45.843112 0.623716
2.262 46.233175 0.939915
2.263 47.073946 0.486481
2.266 46.290956 0.53541
2.266 46.849275 0.601745
2.267 45.670984 1.21807
2.268 44.054376 0.657326
2.2688 44.810937 0.693152
2.27 46.705114 0.549375
2.272 45.596626 0.665535
2.272 45.856561 0.721155
2.272 45.298814 0.552662
2.274 47.568257 0.654211
2.274 47.474251 0.226644
2.275 46.530968 0.466698
2.276 49.036813 0.494297
2.278 47.052448 0.796721
2.281 45.947439 0.852808
2.287 48.935221 0.953163
2.288 45.43774 0.436589
2.289 44.543278 0.501021
2.293 45.295561 1.037231
2.293 47.831039 0.782188
2.295 48.346139 0.963185
2.296 45.555011 0.384958
2.297 44.711393 0.589443
2.2973 43.803244 0.32467
2.3 44.804076 0.482204
2.301 45.449774 0.54802
2.303 45.230985 0.550874
2.305 44.872744 0.562574
2.306 45.956832 0.655973
2.31 45.042005 1.045156
2.312 45.861768 0.552926
2.313 45.522258 0.79323
2.314 45.965331 0.600665
2.314 47.305694 0.949593
2.314 45.789552 0.959361
2.316 43.909097 0.357561
2.318 44.702588 0.656236
2.319 45.768258 0.571116
2.32 45.247741 1.102421
2.323 47.525543 1.180535
2.325 45.162365 0.800367
2.326 44.6825 0.462205
2.326 45.801413 0.874431
2.326 46.000766 0.360399
2.329 45.110323 0.555063
2.333 44.962245 0.350985
2.337 42.238976 0.276612
2.338 45.223875 0.981414
2.34 45.795704 0.786448
2.3407 45.953723 0.477815
2.343 48.152546 1.060275
2.343 46.085086 0.429579
2.345 45.496536 0.705602
2.347 45.340094 0.429683
2.35 43.453925 0.450309
2.353 44.452859 0.406643
2.354 46.085773 0.876231
2.354 46.515918 1.104403
2.356 46.149259 1.053976
2.356 45.437721 0.839282
2.358 45.435099 0.301371
2.358 42.261945 0.511394
2.359 45.080644 0.853007
2.36 44.405939 0.57206
2.36 46.731195 0.852022
2.362 45.322331 0.506488
2.362 46.500392 0.375964
2.362 47.071439 1.045107
2.367 47.487252 1.36794
2.369 47.68687 0.749261
2.369 51.648979 1.538924
2.371 47.001699 0.713273
2.376 45.646876 0.225963
2.376 44.283197 0.653734
2.377 46.483172 0.741676
2.377 44.687568 0.866045
2.377 48.321193 0.707075
2.384 46.495488 1.046531
2.386 44.919328 0.497418
2.386 44.480064 0.624955
2.387 44.637478 1.003409
2.389 44.837285 0.769265
2.393 45.748412 1.079994
2.393 47.099747 0.502434
2.393 44.511756 0.513893
2.393 45.749983 0.73691
2.398 46.356891 1.131684
2.399 44.181488 0.470456
2.399 47.092896 0.626164
2.405 47.407107 1.074047
2.41 45.233391 0.368186
2.411 45.961837 0.754446
2.411 46.132293 1.256548
2.415 46.135107 0.40152
2.416 44.939176 0.571633
2.418 47.214633 1.102841
2.42 46.776051 0.93533
2.422 46.167197 0.398366
2.425 46.292899 0.822562
2.427 46.742056 0.750568
2.427 47.873543 1.212445
2.427 45.605222 1.095212
2.437 44.445996 1.350682
2.441 45.539463 0.426229
2.4427 42.305721 0.412248
2.443 46.426973 0.680654
2.452 46.05978 0.742251
2.455 44.319229 0.624451
2.455 48.543589 0.878447
2.459 45.693951 0.604272
2.46 46.852219 0.783157
2.466 46.866332 0.374496
2.467 45.194234 0.585307
2.4674 46.303133 0.422599
2.468 44.496469 0.796216
2.47 44.772833 1.04863
2.479 46.636893 1.073662
2.482 46.609969 0.627366
2.484 47.467152 1.01852
2.485 48.945532 1.23224
2.491 44.450539 0.395209
2.492 45.406812 0.322627
2.4978 45.621282 0.70036
2.498 45.630701 0.405904
2.498 44.853135 0.628948
2.502 44.764752 0.792484
2.505 45.015629 0.479112
2.513 45.109818 0.586832
2.513 46.472482 0.769676
2.514 48.568391 1.039516
2.514 44.347945 0.621254
2.5145 44.569445 0.975283
2.515 46.617665 0.763667
2.515 46.412084 1.289721
2.516 45.767486 0.745958
2.516 44.313415 0.695294
2.516 45.422509 0.41845
2.516 45.502494 0.477544
2.518 47.660344 0.470774
2.521 46.664451 0.717645
2.522 43.496753 0.710204
2.524 45.877109 1.033355
2.526 44.85308 0.274647
2.531 44.889938 0.443556
2.533 45.215668 0.33705
2.534 44.634742 0.743071
2.534 45.213123 0.619403
2.54 45.89412 0.678288
2.54 48.404936 0.520814
2.54 46.576053 0.487659
2.546 47.508325 1.272035
2.553 44.144701 0.510413
2.555 45.172911 1.159974
2.559 46.486233 1.303115
2.563 47.362329 0.81323
2.565 47.288906 1.449918
2.568 47.691858 1.41058
2.573 44.965524 0.735551
2.577 44.972638 0.690489
2.578 45.474352 0.927136
2.5817 45.295688 0.817276
2.5863 45.14422 0.822725
2.587 45.82914 0.438015
2.588 46.737651 0.978702
2.592 44.886489 0.631942
2.597 44.475778 0.618259
2.598 45.894683 0.733106
2.601 45.8538 1.125354
2.607 44.009806 0.435489
2.611 44.994023 1.145719
2.6142 47.193293 0.658814
2.618 46.797552 1.09958
2.62 48.666902 0.808841
2.62 47.599416 1.123829
2.625 46.951888 0.626164
2.627 46.143849 0.527805
2.633 44.563167 1.043765
2.639 45.084181 0.762256
2.639 43.594911 0.595493
2.64 45.86654 0.304579
2.651 44.532429 1.198727
2.652 45.141815 1.512259
2.655 45.705896 0.411057
2.655 43.45803 0.600883
2.657 45.417188 0.934413
2.66 44.365238 0.41224
2.66 45.615972 0.62329
2.669 44.607758 0.173158
2.6729 45.022219 0.652841
2.677 44.074641 0.75534
2.6774 46.209535 1.368278
2.684 44.926633 0.946051
2.691 46.626715 1.057885
2.693 47.851543 1.525311
2.695 47.181798 0.579395
2.6957 45.153523 1.045079
2.697 44.922085 0.79926
2.699 46.519845 0.359717
2.699 45.977929 0.613234
2.706 47.725117 1.605347
2.706 46.534996 1.258599
2.708 47.316301 0.602962
2.711 47.254805 0.520284
2.717 45.947979 1.362107
2.724 44.885105 0.724784
2.725 43.68046 0.223709
2.726 46.249087 0.825751
2.734 45.070427 0.770895
2.7348 44.905021 0.171669
2.741 44.22596 0.411531
2.741 46.507214 1.113414
2.744 44.244219 0.677023
2.754 46.540651 0.944602
2.759 45.486657 0.391231
2.765 43.912878 1.010833
2.768 44.350074 0.469671
2.783 45.104735 0.894658
2.786 45.299232 0.800371
2.796 48.419714 1.436653
2.798 47.089064 1.543444
2.8071 43.370735 0.376927
2.808 48.134456 0.657955
2.823 47.907032 0.943817
2.83 46.848224 1.448547
2.832 45.971357 1.04422
2.835 46.417452 0.658098
2.836 45.645281 0.811521
2.847 46.207476 1.275963
2.857 43.968742 0.376849
2.859 43.437714 0.725464
2.866 46.821052 0.749252
2.87 45.773442 1.185622
2.87 46.048962 0.44583
2.875 45.600561 0.537173
2.879 46.619977 0.611284
2.882 45.195866 1.061354
2.883 44.981761 0.763835
2.886 44.34748 1.065672
2.889 44.943805 1.156877
2.893 45.761558 0.716623
2.903 47.866025 0.742157
2.904 44.404211 0.498791
2.912 45.793792 1.0262
2.92 45.999499 1.166503
2.924 47.070801 1.230305
2.925 44.263489 1.055142
2.944 46.274271 0.683453
2.959 47.449661 0.457302
2.96 45.875074 1.453076
2.967 44.787013 1.146503
2.97 44.537527 1.278737
2.976 45.66248 0.779261
2.98 44.966993 1.568595
2.983 45.306604 1.072142
2.985 44.521593 0.627267
2.985 47.481358 1.663781
3.0081 45.206549 0.217748
3.018 46.405136 1.065883
3.028 45.980835 0.200585
3.029 45.909956 1.006526
3.034 46.447673 0.205458
3.034 44.985864 0.174085
3.035 46.525484 0.438139
3.0353 49.312918 0.653881
3.043 43.087033 0.656421
3.046 46.618729 1.403066
3.0602 44.6967 0.562271
3.07 46.028904 1.60102
3.075 46.346467 1.050911
3.08 48.688956 0.859792
3.087 46.941799 0.984169
3.09 47.452027 1.057646
3.096 44.800636 0.153017
3.099 49.904275 0.477907
3.101 46.53176 0.253741
3.113 46.597441 0.252482
3.114 47.470158 0.283754
3.118 46.04478 0.198466
3.122 47.885192 0.277542
3.141 45.425518 0.582739
3.155 47.076143 0.303656
3.156 47.26873 1.158808
3.165 50.257455 1.236055
3.166 46.192688 0.191215
3.17 47.83773 0.692845
3.172 46.565765 1.485697
3.173 45.059869 1.01932
3.194 46.434188 1.485682
3.197 46.318262 0.193485
3.198 45.008483 0.640081
3.209 47.737241 1.369369
3.22 43.15146 0.803317
3.233 50.414726 0.689374
3.235 46.423817 0.308447
3.269 47.437758 1.860924
3.2717 45.187298 1.030291
3.282 46.169965 0.568428
3.284 46.546097 0.330107
3.293 43.825175 0.174651
3.296 45.619236 0.204168
3.309 46.36328 0.914184
3.3386 45.705568 1.016531
3.341 46.123547 1.462384
3.395 47.13144 1.151256
3.412 46.854824 0.676332
3.435 46.601832 0.518847
3.461 46.316008 1.352244
3.578 45.289642 0.579163
3.632 46.044107 1.266367
3.661 46.615319 1.250959
3.7027 45.057152 1.625054
3.735 46.375297 1.383859
3.832 47.218252 1.165733
3.973 47.295872 1.741784
3.981 45.712094 1.306136
4.01 44.713502 1.066085
4.08 48.653926 1.287278
4.09 46.746449 0.62911
4.109 48.563277 0.479313
4.14 47.924782 0.974033
4.14 45.892108 1.048515
4.15 45.962457 0.626035
4.18 44.546677 1.583233
4.34 46.257336 2.078894
4.34 46.222274 0.729113
4.38 48.822001 1.650133
4.43 45.431557 1.685205
4.44 48.513093 1.055686
4.44 47.044241 1.539073
4.44 45.865503 1.206905
4.51 47.102194 1.004137
4.87 47.454064 2.139036
4.99 46.510706 1.750759
5.0 49.347473 1.418987
5.03 49.641458 1.839157
5.09 46.382872 1.398912
5.41 43.636322 1.211432
5.82 45.92982 1.474958
5.93 46.138787 1.676228
5.99 47.513254 0.766781
6.047 43.638601 0.929413
6.05 47.406816 1.49827
6.07 47.57666 1.274247
6.1225 49.583694 2.789577
6.253 50.076894 1.877263
6.3 47.938096 0.643578
6.31 44.784496 0.554352
6.3258 48.524659 0.842906
6.379 49.865759 2.276221
7.08 47.112827 0.572492
7.5413 48.083111 2.055734
